# WELL TRACE FROM PETREL
# WELL NAME: DEL-GT-02-S2
# WELL HEAD X-COORDINATE: 85099.827 (m)
# WELL HEAD Y-COORDINATE: 446162.627 (m)
#====================================================
MD	X	Y	Z
#====================================================
0	85099.8270000002	446162.626999995	-7.46
80.5	85099.8270000002	446162.626999995	73.04
85.85	85099.8196284955	446162.630522343	78.3899916817272
91.2	85099.7975140501	446162.641089348	83.7399334539103
95.6	85099.7739948944	446162.653545175	88.1398529062074
100	85099.7519375347	446162.667737712	92.5397746705368
104.55	85099.7305066851	446162.684353777	97.0896937956737
109.1	85099.7103211364	446162.7030533	101.639610529959
122.85	85099.6519154469	446162.754536174	115.38938925942
136.6	85099.594935719	446162.789669472	129.13922547563
150.5	85099.5407085034	446162.815438837	143.039095684848
164.4	85099.4917879407	446162.83824176	156.938990769816
178.3	85099.4413947666	446162.862172268	170.838878522435
192.2	85099.3827497275	446162.891324384	184.73872393337
206.1	85099.3248643661	446162.919144258	198.638575072889
220	85099.2767502366	446162.939078022	212.538477022442
225.5	85099.2592023739	446162.94618979	218.038444402472
231	85099.2407683912	446162.954870566	223.538406630672
239.4	85099.2112179966	446162.970999669	231.938339093693
247.8	85099.1802275996	446162.990474842	240.338259274576
261.7	85099.1297410222	446163.021538401	254.238132628949
275.6	85099.0832276147	446163.04473857	268.138035199099
289.45	85099.0354710596	446163.065231381	281.987937532366
303.3	85098.9809346992	446163.088311492	295.837810754948
317.15	85098.9210539113	446163.117883793	309.687649344203
331	85098.8572640908	446163.157853186	323.537444372978
344.95	85098.7935848146	446163.204606197	337.487220560194
358.9	85098.7349850159	446163.253877119	351.437010345461
367.95	85098.6974394134	446163.288854568	360.486864737541
377	85098.6575400347	446163.328224842	369.536691010553
381.85	85098.6352273006	446163.351093982	374.386585738679
386.7	85098.6123155913	446163.375149265	379.236471934916
400.55	85098.5484268145	446163.434713788	393.086194979322
414.4	85098.4893276295	446163.472632113	406.936015480961
420.7	85098.4636984553	446163.485823964	413.235949509239
427	85098.4383975516	446163.500749731	419.535880994733
434.6	85098.4084946953	446163.520949095	427.135795280393
442.2	85098.3794335679	446163.543444093	434.735706382813
456.1	85098.3154447644	446163.584231779	448.635497538772
470	85098.228241553	446163.620111855	462.535175960357
483.9	85098.1343003599	446163.669699932	476.434766592086
497.8	85098.0500978128	446163.751611464	490.334266719173
506.4	85097.9998250521	446163.805316877	498.933951076398
515	85097.9471743815	446163.845076357	507.533696996119
520.25	85097.9137086746	446163.862585421	512.783560908072
525.5	85097.8790459447	446163.875082588	518.03343137686
539.4	85097.7936327879	446163.906739109	531.933131783124
553.3	85097.7241100293	446163.948802741	545.832893161214
559.15	85097.6987932956	446163.966799075	551.682810575964
565	85097.6746745346	446163.981002054	557.532743494152
573.05	85097.6437452094	446163.994186878	565.582672936512
581.1	85097.6156868788	446163.999872738	573.632621689664
584.3	85097.6060580215	446164.004735652	576.832602585581
587.5	85097.5983374632	446164.017784891	580.032565740635
598	85097.5864829652	446164.117952992	590.532048861263
608.5	85097.595324233	446164.305954439	601.030329397477
617.766666666667	85097.625541346	446164.555464518	610.293547286915
627.033333333333	85097.6823199657	446164.894629603	619.553790836704
636.3	85097.7656543041	446165.323415123	628.810116078138
645.566666666667	85097.8561102664	446165.832913071	638.062297686011
654.833333333333	85097.9342553569	446166.414221263	647.310356935027
664.1	85098.0000847289	446167.067303636	656.553720238576
673.366666666667	85098.0495109099	446167.79807639	665.791358099905
682.633333333333	85098.078446712	446168.612438464	675.022088663964
691.9	85098.0868896232	446169.510319154	684.245110480034
701.066666666667	85098.0858031494	446170.493618907	693.358825672737
710.233333333333	85098.0861127169	446171.584474438	702.460292113994
719.4	85098.0878182828	446172.782733567	711.548240161812
728.666666666667	85098.1029483087	446174.103487193	720.7202187717
737.933333333333	85098.1434767613	446175.534483943	729.875565822591
747.2	85098.2093974692	446177.075505893	739.012887085599
756.433333333333	85098.3178320996	446178.717872739	748.098246217069
765.666666666667	85098.4864595687	446180.464345438	757.163246533641
774.9	85098.7152504501	446182.314619217	766.206306113016
777.45	85098.7889992932	446182.844104125	768.69963009661
780	85098.8672645823	446183.381952876	771.191025237912
787.533333333333	85099.1248973726	446185.019112988	778.539734497855
795.066666666667	85099.4220030216	446186.727885935	785.870627168264
802.6	85099.7585448575	446188.508060798	793.182798393798
810.733333333333	85100.1571082781	446190.511472746	801.055369105772
818.866666666667	85100.5835227613	446192.600681334	808.904140654883
827	85101.0377321993	446194.775411657	816.728080292628
834.455	85101.4694847377	446196.767872587	823.89882891208
841.91	85101.906610315	446198.680167267	831.091049299516
845.855	85102.1400883654	446199.659545008	834.905385972349
849.8	85102.3750609987	446200.616284988	838.725372711863
856.6	85102.8057374148	446202.228200098	845.317459362381
863.4	85103.285131486	446203.804653329	851.914757576835
868.7	85103.6881856619	446205.03187389	857.054911616508
874	85104.112094833	446206.283795437	862.187424693029
875.55	85104.2400151132	446206.654604193	863.686963953013
877.1	85104.3697328884	446207.02755927	865.185816275152
883.9	85104.948549356	446208.686475111	871.754870161347
890.7	85105.5389325418	446210.381393344	878.31369497173
897.5	85106.1314472752	446212.113016072	884.862731243717
904.3	85106.7166582701	446213.882044049	891.402419339974
911.15	85107.2874352111	446215.711703119	897.97875956897
918	85107.8280733443	446217.598852986	904.541384306698
924.8	85108.3427097994	446219.523673899	911.042886350616
931.6	85108.8431701138	446221.494362834	917.531739853615
940.7	85109.5271373814	446224.225353877	926.185135057095
949.8	85110.2584545517	446227.08210115	934.793935733892
958.9	85111.0369445769	446230.063913042	943.356057735099
963.45	85111.4421845335	446231.600631419	947.619434765683
968	85111.8558759114	446233.16662773	951.871329599704
974.033333333333	85112.4173898341	446235.287988414	957.491364365507
980.066666666667	85112.9935945157	446237.460146707	963.090466789725
986.1	85113.5844387527	446239.682909571	968.668139314993
995.233333333333	85114.4936185871	446243.126230983	977.078403026724
1004.36666666667	85115.4101389679	446246.6498843	985.454523516334
1013.5	85116.3339155837	446250.253545366	993.795730254208
1022.6	85117.2564412012	446253.943124418	1002.06270089614
1031.7	85118.1759094752	446257.750843093	1010.27626290366
1040.8	85119.0921336398	446261.675927957	1018.43474789757
1049.86666666667	85120.0182684712	446265.699049387	1026.50678773038
1058.93333333333	85120.9741723621	446269.830065778	1034.52064429596
1068	85121.9596602528	446274.068177369	1042.47476613093
1077.1	85122.9793539717	446278.428511368	1050.3965045893
1086.2	85124.0305131608	446282.894612614	1058.25494663156
1095.3	85125.1129323752	446287.465608218	1066.04855634945
1104.4	85126.2158349774	446292.128325283	1073.78478097337
1113.5	85127.3285064516	446296.869853102	1081.47154101306
1122.6	85128.4508291741	446301.689690418	1089.1080238727
1136.25	85130.1547045224	446309.015700582	1100.49842699004
1149.9	85131.8849478911	446316.417021727	1111.83603948491
1163.65	85133.6440559111	446323.921424588	1123.22220353224
1177.4	85135.4090326312	446331.447907315	1134.59287312925
1177.5	85135.421890149	446331.502725584	1134.67551245353
1191.3	85137.2011047827	446339.070587831	1146.07702711946
1205.1	85138.9900727715	446346.644326981	1157.47311126396
1218.9	85140.7828452129	446354.22534142	1168.86375834111
1232.7	85142.5734735132	446361.815030851	1180.24896379096
1246.6	85144.3788277451	446369.470097345	1191.70946779057
1260.5	85146.1898414778	446377.137180799	1203.16104123708
1269.76666666667	85147.3921508757	446382.280779427	1210.7745288829
1279.03333333333	85148.5805788056	446387.480604063	1218.35191267874
1288.3	85149.7550608034	446392.736372654	1225.89278159838
1295.15	85150.6135803815	446396.658691073	1231.44244587337
1302	85151.4630847918	446400.614119969	1236.96995037237
1309.1	85152.3339341722	446404.748859646	1242.67549383882
1316.2	85153.1948084586	446408.919174034	1248.35660436029
1325.46666666667	85154.3124992345	446414.405749778	1255.74005579182
1334.73333333333	85155.4314324341	446419.933184415	1263.09277644776
1344	85156.551573976	446425.501309579	1270.41454236859
1357.85	85158.2087065687	446433.88299852	1281.31474194007
1371.7	85159.829959754	446442.322947495	1292.1753056117
1380.96666666667	85160.9100422135	446448.038629181	1299.38849220878
1390.23333333333	85162.0047069989	446453.852197562	1306.52078829093
1399.5	85163.1137458236	446459.762546444	1313.57083675686
1408.73333333333	85164.2305493686	446465.720472136	1320.53543292091
1417.96666666667	85165.356650051	446471.720232154	1327.46251327723
1427.2	85166.4920050193	446477.761598174	1334.35181422727
1441.1	85168.2271453243	446486.883470922	1344.69493593851
1455	85170.0003076834	446495.997109479	1355.03886797007
1468.9	85171.7984814156	446505.103579137	1365.38480140794
1482.8	85173.6086638652	446514.203986788	1375.73397454944
1496.7	85175.4409335356	446523.297185882	1386.08559335366
1510.6	85177.3053630933	446532.382001161	1396.43883106453
1524.5	85179.1913245466	446541.453161209	1406.80014163103
1538.4	85181.0881925119	446550.505407805	1417.17599394488
1552.3	85183.0074682939	446559.544572832	1427.55912635887
1566.2	85184.960649696	446568.576472175	1437.94225877286
1580.1	85186.9393416983	446577.594948377	1448.33222854154
1594	85188.9351514427	446586.593854628	1458.73588513844
1607.9	85190.960763557	446595.57675193	1469.14761026513
1621.8	85193.0288547875	446604.547167216	1479.5617459622
1635.65	85195.0938289527	446613.493615384	1489.93040279954
1649.5	85197.1251183712	446622.469090332	1500.28060876695
1658.76666666667	85198.4446615933	446628.489882836	1507.19979191096
1668.03333333333	85199.7076425802	446634.522228573	1514.11946796358
1677.3	85200.9140123052	446640.565893372	1521.0393683104
1691.1	85202.6328791175	446649.580733576	1531.34507150204
1704.9	85204.2807292075	446658.607910904	1541.65157558181
1714.1	85205.3319706743	446664.635536094	1548.52164793118
1723.3	85206.3359069816	446670.673947831	1555.38932290995
1732.5	85207.2925101353	446676.72297773	1562.25440901444
1739.45	85207.9820247908	446681.295440225	1567.44256712609
1746.4	85208.6410277172	446685.865534702	1572.63677423404
1760.2	85209.924653381	446694.949968019	1582.94478432019
1774	85211.219079274	446704.059186981	1593.22954141524
1787.8	85212.5231074555	446713.187418641	1603.49621372401
1801.6	85213.8355438479	446722.328917384	1613.75000043438
1812.3	85214.8160134293	446729.426467127	1621.69648989842
1823	85215.7156398009	446736.532619042	1629.6448550472
1826.15	85215.9650948144	446738.626152836	1631.98512120164
1829.3	85216.2075825504	446740.72029947	1634.32557134651
1843.15	85217.274618911	446749.941799149	1644.60356908208
1857	85218.3740041772	446759.188364337	1654.85560203163
1870.8	85219.4888971329	446768.435085747	1665.03815398613
1884.6	85220.6105069513	446777.723873576	1675.18160126067
1898.5	85221.7514914649	446787.121183176	1685.35939983486
1912.4	85222.9082045266	446796.558545072	1695.49828419494
1919.35	85223.469222697	446801.289697394	1700.55803239553
1926.3	85223.9876926339	446806.025701247	1705.61778059611
1940.2	85224.9836834847	446815.513805543	1715.72632954948
1954.1	85225.9828961204	446825.024607057	1725.81320507876
1967.9	85226.9553292648	446834.453157237	1735.84242952401
1981.7	85227.8853619742	446843.831320113	1745.92279420364
1995.55	85228.7838005099	446853.186407919	1756.09561221305
2009.4	85229.65486218	446862.477912838	1766.32891192719
2016.2	85230.0785849111	446867.01347888	1771.37732888984
2023	85230.5078634626	446871.527686079	1776.44438821806
2030	85230.9555854231	446876.1523457	1781.67978441769
2037	85231.409222942	446880.754353466	1786.9345981245
2050.85	85232.3156748856	446889.804493553	1797.37898176474
2064.7	85233.2282054119	446898.788808474	1807.87952250742
2073.96666666667	85233.8405892118	446904.760774949	1814.93835916147
2083.23333333333	85234.4525801549	446910.6984482	1822.02610388756
2092.5	85235.0641639016	446916.601689113	1829.14259061642
2099.25	85235.5071698684	446920.875688803	1834.34805202422
2106	85235.9455069177	446925.122712835	1839.57594184205
2113	85236.3951765322	446929.498225644	1845.02114287829
2120	85236.8398830018	446933.844089018	1850.49044530565
2133.9	85237.709568119	446942.431685152	1861.38529223674
2147.8	85238.5623727135	446950.994197336	1872.3011987035
2161.75	85239.3743559962	446959.557509396	1883.28315147493
2175.7	85240.1154868282	446968.08582145	1894.2973069676
2184.86666666667	85240.559976541	446973.66132347	1901.55953126288
2194.03333333333	85240.9659969474	446979.202759907	1908.85003022306
2203.2	85241.3335314242	446984.709903892	1916.16850537126
2212.96666666667	85241.6380230743	446990.528705034	1924.0062660706
2222.73333333333	85241.809285868	446996.285607432	1931.8936289373
2232.5	85241.8472766343	447001.979159924	1939.8286057633
2241.73333333333	85241.7945503577	447007.363119089	1947.32929919109
2250.96666666667	85241.6905493437	447012.810141504	1954.78377737177
2260.2	85241.5352842585	447018.319668577	1962.19127585233
2269.46666666667	85241.3619184211	447023.933783627	1969.56131104005
2278.73333333333	85241.2049354739	447029.654142164	1976.84955302298
2288	85241.0643687782	447035.479528593	1984.05445302249
2297.23333333333	85240.951933782	447041.395287091	1991.14241840292
2306.46666666667	85240.8783935569	447047.428694536	1998.13101698871
2315.7	85240.843769868	447053.577965378	2005.01818056412
2324.93333333333	85240.8134733052	447059.804305668	2011.83589230603
2334.16666666667	85240.7529068258	447066.069944706	2018.61729804603
2343.4	85240.6620731154	447072.374604755	2025.3620971826
2357.3	85240.4862981005	447081.896865751	2035.48605636785
2371.2	85240.2780196801	447091.422888544	2045.60585874694
2385.1	85240.0757663444	447100.963580633	2055.71194453978
2399	85239.9180679296	447110.529780469	2065.79468109203
2408.23333333333	85239.832843371	447116.941421715	2072.43783717548
2417.46666666667	85239.7570920877	447123.449498561	2078.98665202001
2426.7	85239.6908303338	447130.052614695	2085.43972058029
2440.6	85239.5633615118	447140.041478801	2095.10426850712
2454.5	85239.3661619529	447149.985244078	2104.81405179672
2463.76666666667	85239.2376210433	447156.595366922	2111.30676447468
2473.03333333333	85239.161417104	447163.19750452	2117.80842201826
2482.3	85239.1375526931	447169.791435188	2124.31880612257
2496.25	85239.1199726993	447179.692288468	2134.14545335057
2510.2	85239.0602909958	447189.554313519	2144.01090786703
2524.05	85238.953702947	447199.325975353	2153.8248742828
2537.9	85238.7942468264	447209.096917448	2163.63884069857
2547.16666666667	85238.6515851226	447215.618944867	2170.21975931432
2556.43333333333	85238.4723510599	447222.110459282	2176.82989140227
2565.7	85238.256551155	447228.571224671	2183.4689966164
2580	85237.8953265294	447238.517408296	2193.73646564436
