// N_ROWS	N_COLS	N_NON_ZEROS	N_BLOCK_SIZE
9	9	25	4

// Rows pointer indices [1, ..., n_rows] (with 0)
0
3
6
9
12
15
17
20
22
25
// END Rows points indices

// Values of n_non_zero_elements
// Column index		Block Values
// ROW 0
// 0	1	0	0	0	4.84891e-06	-4.132	22.6027	7.03961	4.84891e-06	-4.132	-7.27185	35.96	0	-19.9828	-19.9828	-19.9828
// 1	0	0	0	0	-2.33385e-11	1.13122e-19	-5.07912e-20	4.91691e-20	-2.33385e-11	1.13122e-19	1.4109e-19	-1.36584e-19	0	0	0	0
// 6	0	0	0	0	-8.75712e-23	8.41212e-23	-1.04657e-13	3.35255e-23	-8.71511e-22	8.33122e-22	9.01179e-21	-8.27519e-10	0	0	0	0
// ROW 1
// 0	0	0	0	0	-2.33385e-11	1.13122e-19	-5.07912e-20	4.91691e-20	-2.33385e-11	1.13122e-19	1.4109e-19	-1.36584e-19	0	0	0	0
// 1	1	0	0	0	4.84894e-06	-4.132	22.6027	7.03961	4.84894e-06	-4.132	-7.27185	35.96	0	-19.9828	-19.9828	-19.9828
// 2	0	0	0	0	-2.33385e-11	1.13122e-19	-5.07912e-20	4.91691e-20	-2.33385e-11	1.13122e-19	1.4109e-19	-1.36584e-19	0	0	0	0
// ROW 2
// 1	0	0	0	0	-2.33385e-11	1.13122e-19	-5.07912e-20	4.91691e-20	-2.33385e-11	1.13122e-19	1.4109e-19	-1.36584e-19	0	0	0	0
// 2	1	0	0	0	4.84894e-06	-4.132	22.6027	7.03961	4.84894e-06	-4.132	-7.27185	35.96	0	-19.9828	-19.9828	-19.9828
// 3	0	0	0	0	-2.33385e-11	1.13122e-19	-5.07912e-20	4.91691e-20	-2.33385e-11	1.13122e-19	1.4109e-19	-1.36584e-19	0	0	0	0
// ROW 3
// 2	0	0	0	0	-2.33385e-11	1.13122e-19	-5.07912e-20	4.91691e-20	-2.33385e-11	1.13122e-19	1.4109e-19	-1.36584e-19	0	0	0	0
// 3	1	0	0	0	4.84894e-06	-4.132	22.6027	7.03961	4.84894e-06	-4.132	-7.27185	35.96	0	-19.9828	-19.9828	-19.9828
// 4	0	0	0	0	-2.33364e-11	1.1313e-19	-5.07968e-20	4.9162e-20	-2.33364e-11	1.1313e-19	1.4106e-19	-1.36581e-19	0	0	0	0
// ROW 4
// 3	0	0	0	0	-2.33385e-11	1.13122e-19	-5.07912e-20	4.91691e-20	-2.33385e-11	1.13122e-19	1.4109e-19	-1.36584e-19	0	0	0	0
// 4	1	0	0	0	4.84902e-06	-4.13198	22.6029	7.03885	4.84902e-06	-4.13202	-7.26993	35.9597	0	-19.9828	-19.9828	-19.9828
// 8	0	0	0	0	-5.60271e-10	0	0	0	-5.60271e-10	0	0	0	0	0	0	0
// ROW 5
// 5	2.29379e+06	-7.62594e-14	-0.0503578	0.117651	0	1	0	0	0	0	1	0	0	0	0	1
// 6	-2.29379e+06	0	0	0	0	0	0	0	0	0	0	0	0	0	0	0
// ROW 6
// 0	0	0	0	0	-8.7563e-23	0	0	0	-8.71429e-22	0	0	0	0	0	0	0
// 5	0	0	0	0	-4.27735e-19	3.77149e-26	-4.6922e-17	1.50309e-26	-4.25683e-18	3.73522e-25	4.04035e-24	-3.7101e-13	0	0	0	0
// 6	1	0	0	0	4.47832e-18	-3.62907e-16	0.0409342	2.55352e-14	8.2984e-18	-2.15879e-16	4.16162e-14	0.0407734	0	-0.353125	-0.353125	-0.353125
// ROW 7
// 7	1	0	0	0	0	1	0	0	0	0	1	0	0	0	0	1
// 8	0	0	0	0	0	-1	0	0	0	0	-1	0	0	0	0	-1
// ROW 8
// 4	0	0	0	0	-5.60296e-10	1.04215e-07	-4.6794e-08	4.52881e-08	-5.60296e-10	1.04216e-07	1.29944e-07	-1.25818e-07	0	0	0	0
// 7	0	0	0	0	-2.73698e-06	0	0	0	-2.73698e-06	0	0	0	0	0	0	0
// 8	1	0	0	0	2.82359e-06	-0.0730169	0.395335	0.120343	2.82358e-06	-0.0730533	-0.117198	0.646689	0	-0.353125	-0.353125	-0.353125
// END of Values

// END of File