FLT1 25 11 1 26 11 1 0.0
FLT1 25 12 1 26 12 1 0.0
FLT1 25 13 1 26 13 1 0.0
FLT1 25 14 1 26 14 1 0.0
FLT1 25 15 1 26 15 1 0.0
FLT1 25 16 1 26 16 1 0.0
FLT1 25 17 1 26 17 1 0.0
FLT1 25 18 1 26 18 1 0.0
FLT1 25 19 1 26 19 1 0.0
FLT1 25 20 1 26 20 1 0.0
FLT1 25 21 1 26 21 1 0.0
FLT1 25 22 1 26 22 1 0.0
FLT1 25 23 1 26 23 1 0.0
FLT1 25 24 1 26 24 1 0.0
FLT1 25 25 1 26 25 1 0.0
FLT1 25 26 1 26 26 1 0.0
FLT1 25 27 1 26 27 1 0.0
FLT1 25 28 1 26 28 1 0.0
FLT1 25 29 1 26 29 1 0.0
FLT1 25 30 1 26 30 1 0.0
FLT1 25 31 1 26 31 1 0.0
FLT1 25 32 1 26 32 1 0.0
FLT1 25 33 1 26 33 1 0.0
FLT1 25 34 1 26 34 1 0.0
FLT1 25 11 2 26 11 2 0.0
FLT1 25 12 2 26 12 2 0.0
FLT1 25 13 2 26 13 2 0.0
FLT1 25 14 2 26 14 2 0.0
FLT1 25 15 2 26 15 2 0.0
FLT1 25 16 2 26 16 2 0.0
FLT1 25 17 2 26 17 2 0.0
FLT1 25 18 2 26 18 2 0.0
FLT1 25 19 2 26 19 2 0.0
FLT1 25 20 2 26 20 2 0.0
FLT1 25 21 2 26 21 2 0.0
FLT1 25 22 2 26 22 2 0.0
FLT1 25 23 2 26 23 2 0.0
FLT1 25 24 2 26 24 2 0.0
FLT1 25 25 2 26 25 2 0.0
FLT1 25 26 2 26 26 2 0.0
FLT1 25 27 2 26 27 2 0.0
FLT1 25 28 2 26 28 2 0.0
FLT1 25 29 2 26 29 2 0.0
FLT1 25 30 2 26 30 2 0.0
FLT1 25 31 2 26 31 2 0.0
FLT1 25 32 2 26 32 2 0.0
FLT1 25 33 2 26 33 2 0.0
FLT1 25 34 2 26 34 2 0.0
FLT1 25 11 3 26 11 3 0.0
FLT1 25 12 3 26 12 3 0.0
FLT1 25 13 3 26 13 3 0.0
FLT1 25 14 3 26 14 3 0.0
FLT1 25 15 3 26 15 3 0.0
FLT1 25 16 3 26 16 3 0.0
FLT1 25 17 3 26 17 3 0.0
FLT1 25 18 3 26 18 3 0.0
FLT1 25 19 3 26 19 3 0.0
FLT1 25 20 3 26 20 3 0.0
FLT1 25 21 3 26 21 3 0.0
FLT1 25 22 3 26 22 3 0.0
FLT1 25 23 3 26 23 3 0.0
FLT1 25 24 3 26 24 3 0.0
FLT1 25 25 3 26 25 3 0.0
FLT1 25 26 3 26 26 3 0.0
FLT1 25 27 3 26 27 3 0.0
FLT1 25 28 3 26 28 3 0.0
FLT1 25 29 3 26 29 3 0.0
FLT1 25 30 3 26 30 3 0.0
FLT1 25 31 3 26 31 3 0.0
FLT1 25 32 3 26 32 3 0.0
FLT1 25 33 3 26 33 3 0.0
FLT1 25 34 3 26 34 3 0.0
FLT1 25 11 4 26 11 4 0.0
FLT1 25 12 4 26 12 4 0.0
FLT1 25 13 4 26 13 4 0.0
FLT1 25 14 4 26 14 4 0.0
FLT1 25 15 4 26 15 4 0.0
FLT1 25 16 4 26 16 4 0.0
FLT1 25 17 4 26 17 4 0.0
FLT1 25 18 4 26 18 4 0.0
FLT1 25 19 4 26 19 4 0.0
FLT1 25 20 4 26 20 4 0.0
FLT1 25 21 4 26 21 4 0.0
FLT1 25 22 4 26 22 4 0.0
FLT1 25 23 4 26 23 4 0.0
FLT1 25 24 4 26 24 4 0.0
FLT1 25 25 4 26 25 4 0.0
FLT1 25 26 4 26 26 4 0.0
FLT1 25 27 4 26 27 4 0.0
FLT1 25 28 4 26 28 4 0.0
FLT1 25 29 4 26 29 4 0.0
FLT1 25 30 4 26 30 4 0.0
FLT1 25 31 4 26 31 4 0.0
FLT1 25 32 4 26 32 4 0.0
FLT1 25 33 4 26 33 4 0.0
FLT1 25 34 4 26 34 4 0.0
FLT1 25 11 5 26 11 5 0.0
FLT1 25 12 5 26 12 5 0.0
FLT1 25 13 5 26 13 5 0.0
FLT1 25 14 5 26 14 5 0.0
FLT1 25 15 5 26 15 5 0.0
FLT1 25 16 5 26 16 5 0.0
FLT1 25 17 5 26 17 5 0.0
FLT1 25 18 5 26 18 5 0.0
FLT1 25 19 5 26 19 5 0.0
FLT1 25 20 5 26 20 5 0.0
FLT1 25 21 5 26 21 5 0.0
FLT1 25 22 5 26 22 5 0.0
FLT1 25 23 5 26 23 5 0.0
FLT1 25 24 5 26 24 5 0.0
FLT1 25 25 5 26 25 5 0.0
FLT1 25 26 5 26 26 5 0.0
FLT1 25 27 5 26 27 5 0.0
FLT1 25 28 5 26 28 5 0.0
FLT1 25 29 5 26 29 5 0.0
FLT1 25 30 5 26 30 5 0.0
FLT1 25 31 5 26 31 5 0.0
FLT1 25 32 5 26 32 5 0.0
FLT1 25 33 5 26 33 5 0.0
FLT1 25 34 5 26 34 5 0.0
FLT1 25 11 6 26 11 6 0.0
FLT1 25 12 6 26 12 6 0.0
FLT1 25 13 6 26 13 6 0.0
FLT1 25 14 6 26 14 6 0.0
FLT1 25 15 6 26 15 6 0.0
FLT1 25 16 6 26 16 6 0.0
FLT1 25 17 6 26 17 6 0.0
FLT1 25 18 6 26 18 6 0.0
FLT1 25 19 6 26 19 6 0.0
FLT1 25 20 6 26 20 6 0.0
FLT1 25 21 6 26 21 6 0.0
FLT1 25 22 6 26 22 6 0.0
FLT1 25 23 6 26 23 6 0.0
FLT1 25 24 6 26 24 6 0.0
FLT1 25 25 6 26 25 6 0.0
FLT1 25 26 6 26 26 6 0.0
FLT1 25 27 6 26 27 6 0.0
FLT1 25 28 6 26 28 6 0.0
FLT1 25 29 6 26 29 6 0.0
FLT1 25 30 6 26 30 6 0.0
FLT1 25 31 6 26 31 6 0.0
FLT1 25 32 6 26 32 6 0.0
FLT1 25 33 6 26 33 6 0.0
FLT1 25 34 6 26 34 6 0.0
FLT1 25 11 7 26 11 7 0.0
FLT1 25 12 7 26 12 7 0.0
FLT1 25 13 7 26 13 7 0.0
FLT1 25 14 7 26 14 7 0.0
FLT1 25 15 7 26 15 7 0.0
FLT1 25 16 7 26 16 7 0.0
FLT1 25 17 7 26 17 7 0.0
FLT1 25 18 7 26 18 7 0.0
FLT1 25 19 7 26 19 7 0.0
FLT1 25 20 7 26 20 7 0.0
FLT1 25 21 7 26 21 7 0.0
FLT1 25 22 7 26 22 7 0.0
FLT1 25 23 7 26 23 7 0.0
FLT1 25 24 7 26 24 7 0.0
FLT1 25 25 7 26 25 7 0.0
FLT1 25 26 7 26 26 7 0.0
FLT1 25 27 7 26 27 7 0.0
FLT1 25 28 7 26 28 7 0.0
FLT1 25 29 7 26 29 7 0.0
FLT1 25 30 7 26 30 7 0.0
FLT1 25 31 7 26 31 7 0.0
FLT1 25 32 7 26 32 7 0.0
FLT1 25 33 7 26 33 7 0.0
FLT1 25 34 7 26 34 7 0.0
FLT1 25 11 8 26 11 8 0.0
FLT1 25 12 8 26 12 8 0.0
FLT1 25 13 8 26 13 8 0.0
FLT1 25 14 8 26 14 8 0.0
FLT1 25 15 8 26 15 8 0.0
FLT1 25 16 8 26 16 8 0.0
FLT1 25 17 8 26 17 8 0.0
FLT1 25 18 8 26 18 8 0.0
FLT1 25 19 8 26 19 8 0.0
FLT1 25 20 8 26 20 8 0.0
FLT1 25 21 8 26 21 8 0.0
FLT1 25 22 8 26 22 8 0.0
FLT1 25 23 8 26 23 8 0.0
FLT1 25 24 8 26 24 8 0.0
FLT1 25 25 8 26 25 8 0.0
FLT1 25 26 8 26 26 8 0.0
FLT1 25 27 8 26 27 8 0.0
FLT1 25 28 8 26 28 8 0.0
FLT1 25 29 8 26 29 8 0.0
FLT1 25 30 8 26 30 8 0.0
FLT1 25 31 8 26 31 8 0.0
FLT1 25 32 8 26 32 8 0.0
FLT1 25 33 8 26 33 8 0.0
FLT1 25 34 8 26 34 8 0.0
FLT1 25 11 9 26 11 9 0.0
FLT1 25 12 9 26 12 9 0.0
FLT1 25 13 9 26 13 9 0.0
FLT1 25 14 9 26 14 9 0.0
FLT1 25 15 9 26 15 9 0.0
FLT1 25 16 9 26 16 9 0.0
FLT1 25 17 9 26 17 9 0.0
FLT1 25 18 9 26 18 9 0.0
FLT1 25 19 9 26 19 9 0.0
FLT1 25 20 9 26 20 9 0.0
FLT1 25 21 9 26 21 9 0.0
FLT1 25 22 9 26 22 9 0.0
FLT1 25 23 9 26 23 9 0.0
FLT1 25 24 9 26 24 9 0.0
FLT1 25 25 9 26 25 9 0.0
FLT1 25 26 9 26 26 9 0.0
FLT1 25 27 9 26 27 9 0.0
FLT1 25 28 9 26 28 9 0.0
FLT1 25 29 9 26 29 9 0.0
FLT1 25 30 9 26 30 9 0.0
FLT1 25 31 9 26 31 9 0.0
FLT1 25 32 9 26 32 9 0.0
FLT1 25 33 9 26 33 9 0.0
FLT1 25 34 9 26 34 9 0.0
