// N_ROWS	N_COLS	N_NON_ZEROS	N_BLOCK_SIZE
9	9	25	3

// Rows pointer indices [1, ..., n_rows] (with 0)
0
3
6
9
12
15
17
20
22
25
// END Rows points indices

// Values of n_non_zero_elements
// Column index		Block Values
// ROW 0
// 0	9839.83	25220.4	-22196.6	9.82364e-05	-0.000588657	61318.3	0.000197351	-61612.6	-152.214
// 1	-7586.24	0	0	-7.57376e-05	0	0	-0.000152154	0	0
// 6	-2252.1	-25158.2	22292.7	-2.2484e-05	0.000588563	-61166.3	-4.51694e-05	61460.6	0.232344
// ROW 1
// 0	-7641.39	-25158.2	22292.7	-7.62882e-05	0.000588563	-61166.3	-0.00015326	61460.6	0.232344
// 1	15173	25220	-22197.3	0.000151481	-0.000588656	61317.2	0.000304317	-61611.5	-151.108
// 2	-7531.09	0	0	-7.5187e-05	0	0	-0.000151047	0	0
// ROW 2
// 1	-7586.64	-25158.2	22292.7	-7.57416e-05	0.000588563	-61166.3	-0.000152162	61460.6	0.232344
// 2	15062.7	25219.5	-22198	0.000150379	-0.000588656	61316	0.000302105	-61610.3	-149.994
// 3	-7475.53	0	0	-7.46323e-05	0	0	-0.000149933	0	0
// ROW 3
// 2	-7531.5	-25158.2	22292.7	-7.51911e-05	0.000588563	-61166.3	-0.000151056	61460.6	0.232344
// 3	14951.6	25219	-22198.7	0.00014927	-0.000588655	61314.9	0.000299876	-61609.2	-148.871
// 4	-7419.57	0	0	-7.40736e-05	0	0	-0.000148811	0	0
// ROW 4
// 3	-7475.96	-25158.2	22292.7	-7.46366e-05	0.000588563	-61166.3	-0.000149942	61460.6	0.232344
// 4	9557.97	25218.6	-22199.5	9.54225e-05	-0.000588654	61313.8	0.000191698	-61608.1	-147.74
// 8	-2081.45	0	0	-2.07802e-05	0	0	-4.17466e-05	0	0
// ROW 5
// 5	1	0	0	0	1	0	0	0	1
// 6	0	0	0	0	0	0	0	0	0
// ROW 6
// 0	-2198.3	0	0	-2.19469e-05	0	0	-4.40903e-05	0	0
// 5	-9.12034e+06	-25158.2	22292.7	-0.0910533	0.000588563	-61166.3	-0.182922	61460.6	0.232344
// 6	9.12253e+06	25158.6	-22292.1	0.0910752	-0.000588563	61167.2	0.182966	-61461.5	-1.15007
// ROW 7
// 7	1	0	0	0	1	0	0	0	1
// 8	0	0	0	0	-1	0	0	0	-1
// ROW 8
// 4	-2138.27	-25158.2	22292.7	-2.13475e-05	0.000588563	-61166.3	-4.28862e-05	61460.6	0.232344
// 7	-8.39969e+06	0	0	-0.0838587	0	0	-0.168469	0	0
// 8	8.40183e+06	25158.6	-22292.2	0.08388	-0.000588563	61167.1	0.168511	-61461.5	-1.07749
// END of Values

// END of File