// N_ROWS	N_COLS	N_NON_ZEROS	N_BLOCK_SIZE
9	9	25	3

// Rows pointer indices [1, ..., n_rows] (with 0)
0
3
6
9
12
15
17
20
22
25
// END Rows points indices

// Values of n_non_zero_elements
// Column index		Block Values
// ROW 0
// 0	3.00251	780.232	8.6973	1.01456	-230.218	907.846	3.55096	-1701.1	-829.566
// 1	-0.506284	0	0	-1.0126	0	0	-3.54411	0	0
// 6	-2.69242	-92.1998	81.6983	-2.68799e-08	2.15696e-06	-224.162	-5.40005e-08	225.241	0.000851494
// ROW 1
// 0	-0.506284	0	0	-1.0126	0	0	-3.54411	0	0
// 1	1.01355	780.232	8.6973	2.02716	-230.218	907.846	7.09507	-1701.1	-829.566
// 2	-0.506284	0	0	-1.0126	0	0	-3.54411	0	0
// ROW 2
// 1	-0.506284	0	0	-1.0126	0	0	-3.54411	0	0
// 2	1.01355	780.232	8.6973	2.02716	-230.218	907.846	7.09507	-1701.1	-829.566
// 3	-0.506284	0	0	-1.0126	0	0	-3.54411	0	0
// ROW 3
// 2	-0.506284	0	0	-1.0126	0	0	-3.54411	0	0
// 3	1.01355	780.232	8.6973	2.02716	-230.218	907.846	7.09507	-1701.1	-829.566
// 4	-0.506284	0	0	-1.0126	0	0	-3.54411	0	0
// ROW 4
// 3	-0.506284	0	0	-1.0126	0	0	-3.54411	0	0
// 4	0.650381	780.232	8.6973	1.3008	-230.218	907.846	4.55282	-1701.1	-829.566
// 8	-0.143118	0	0	-0.286245	0	0	-1.00186	0	0
// ROW 5
// 5	1	0	0	0	1	0	0	0	1
// 6	0	0	0	0	0	0	0	0	0
// ROW 6
// 0	-2.49525	0	0	-2.49115e-08	0	0	-5.00461e-08	0	0
// 5	-10352.2	0	0	-0.000103352	0	0	-0.000207629	0	0
// 6	10354.9	92.5753	-81.118	0.000103378	-2.15753e-06	225.08	0.000207683	-226.158	-0.918587
// ROW 7
// 7	1	0	0	0	1	0	0	0	1
// 8	0	0	0	0	-1	0	0	0	-1
// ROW 8
// 4	-0.143118	0	0	-0.286245	0	0	-1.00186	0	0
// 7	-593.762	0	0	-1187.56	0	0	-4156.47	0	0
// 8	593.905	4.59595	0.0512313	1187.85	-1.3561	5.34766	4157.47	-10.0203	-4.88654
// END of Values

// END of File