// N_ROWS	N_COLS	N_NON_ZEROS	N_BLOCK_SIZE
9	9	25	3

// Rows pointer indices [1, ..., n_rows] (with 0)
0
3
6
9
12
15
17
20
22
25
// END Rows points indices

// Values of n_non_zero_elements
// Column index		Block Values
// ROW 0
// 0	1	0	0	8.27234e-05	-0.000495713	51659.1	0.000166186	-51906.9	-152.177
// 1	0	0	0	-6.37773e-05	0	0	-0.000128126	0	0
// 6	0	0	0	-1.89334e-05	0.000495619	-51507.1	-3.80364e-05	51754.9	0.195653
// ROW 1
// 0	0	0	0	-6.42409e-05	0.000495619	-51507.1	-0.000129057	51754.9	0.195653
// 1	1	0	0	0.000127559	-0.000495712	51658	0.00025626	-51905.8	-151.071
// 2	0	0	0	-6.33137e-05	0	0	-0.000127194	0	0
// ROW 2
// 1	0	0	0	-6.37807e-05	0.000495619	-51507.1	-0.000128133	51754.9	0.195653
// 2	1	0	0	0.000126632	-0.000495711	51656.8	0.000254397	-51904.7	-149.957
// 3	0	0	0	-6.28466e-05	0	0	-0.000126256	0	0
// ROW 3
// 2	0	0	0	-6.33171e-05	0.000495619	-51507.1	-0.000127201	51754.9	0.195653
// 3	1	0	0	0.000125698	-0.000495711	51655.7	0.000252521	-51903.5	-148.834
// 4	0	0	0	-6.23761e-05	0	0	-0.000125311	0	0
// ROW 4
// 3	0	0	0	-6.28502e-05	0.000495619	-51507.1	-0.000126263	51754.9	0.195653
// 4	1	0	0	8.03538e-05	-0.00049571	51654.6	0.000161426	-51902.4	-147.704
// 8	0	0	0	-1.74987e-05	0	0	-3.51541e-05	0	0
// ROW 5
// 5	1	0	0	0	1	0	0	0	1
// 6	0	0	0	0	0	0	0	0	0
// ROW 6
// 0	0	0	0	-1.84811e-05	0	0	-3.71277e-05	0	0
// 5	0	0	0	-0.0766744	0.000495619	-51507.1	-0.154036	51754.9	0.195653
// 6	1	0	0	0.0766929	-0.000495619	51508	0.154073	-51755.8	-1.11338
// ROW 7
// 7	1	0	0	0	1	0	0	0	1
// 8	0	0	0	0	-1	0	0	0	-1
// ROW 8
// 4	0	0	0	-1.79764e-05	0.000495619	-51507.1	-3.61138e-05	51754.9	0.195653
// 7	0	0	0	-0.0706159	0	0	-0.141864	0	0
// 8	1	0	0	0.0706339	-0.000495619	51507.9	0.141901	-51755.8	-1.0408
// END of Values

// END of File