0.00000e+00
-4.79632e-19
1.28561e-11
0.00000e+00
-1.60195e-19
1.93830e-11
0.00000e+00
-2.19487e-19
2.53731e-11
0.00000e+00
-2.72745e-19
3.08727e-11
0.00000e+00
-3.20496e-19
3.57563e-11
0.00000e+00
-3.62530e-19
4.01087e-11
0.00000e+00
-4.01917e-19
4.41862e-11
0.00000e+00
-4.41410e-19
4.83384e-11
0.00000e+00
-4.80903e-19
5.26280e-11
0.00000e+00
-5.23360e-19
5.71999e-11
0.00000e+00
-5.66453e-19
6.18969e-11
0.00000e+00
-3.56389e-19
3.09406e-11
0.00000e+00
4.44692e-21
-1.27619e-11
0.00000e+00
0.00000e+00
-3.33190e-15
0.00000e+00
0.00000e+00
-7.68617e-15
0.00000e+00
3.87607e-11
-3.09844e-11
0.00000e+00
1.16837e-07
-1.03611e-07
0.00000e+00
9.25602e-08
-1.31408e-07
0.00000e+00
2.10988e-08
-5.36556e-08
0.00000e+00
1.10780e-08
-2.43573e-08
0.00000e+00
0.00000e+00
0.00000e+00
0.00000e+00
3.94611e-19
-5.42779e-18
0.00000e+00
0.00000e+00
0.00000e+00
0.00000e+00
1.24803e-09
-2.35822e-10
